01011010
11010011
00110101
11100011
00011100
10101010
01010101
11111111
01011010
11010011
00110101
11100011
00011100
10101010
01010101
11111111
01011010
11010011
00110101
11100011
00011100
10101010
01010101
11111111
01011010
11010011
00110101
11100011
00011100
10101010
01010101
11111111
01011010
11010011
00110101
11100011
00011100
10101010
01010101
11111111
01011010
11010011
00110101
11100011
00011100
10101010
01010101
11111111
01011010
11010011
00110101
11100011
00011100
10101010
01010101
11111111
01011010
11010011
00110101
11100011
00011100
10101010
01010101
11111111
01011010
11010011
00110101
11100011
00011100
10101010
01010101
11111111
01011010
11010011
00110101
11100011
00011100
10101010
01010101
11111111
01011010
11010011
00110101
11100011
00011100
10101010
01010101
11111111
01011010
11010011
00110101
11100011
00011100
10101010
01010101
11111111
01011010
11010011
00110101
11100011
00011100
10101010
01010101
11111111
01011010
11010011
00110101
11100011
00011100
10101010
01010101
11111111
01011010
11010011
00110101
11100011
00011100
10101010
01010101
11111111
01011010
11010011
00110101
11100011
00011100
10101010
01010101
11111111
01011010
11010011
00110101
11100011
00011100
10101010
01010101
11111111
01011010
11010011
00110101
11100011
00011100
10101010
01010101
11111111